ma: 3	 ten: w	dtb: 1.000000
ma: 2	 ten: e	dtb: 4.000000
ma: 1	 ten: a	dtb: 5.000000
